1.000000000000000000e+00 8.660254037844385966e-01 5.143444998736397267e-01 2.512594538148030243e-01 2.567180154051352248e-01 5.283959492674780156e-01 2.729743416177752291e-01 5.417363388859615103e-01 7.769269722967447889e-01 8.627652804480127058e-01 4.720587952499555873e-01 9.239131562447776558e-01 1.230914909793327655e-01 9.659092088013584432e-01 9.813067629253163782e-01 8.743856497851874021e-01
8.660254037844385966e-01 1.000000000000000000e+00 5.345224838248487931e-01 8.703882797784891212e-02 4.850712500726660492e-01 3.922322702763680335e-01 4.364357804719847245e-01 3.127716210856121837e-01 6.546536707079770867e-01 6.255432421712243674e-01 3.872983346207417577e-01 9.819805060619656301e-01 2.132007163556104423e-01 7.637626158259731568e-01 7.844645405527361781e-01 8.017837257372731896e-01
5.143444998736397267e-01 5.345224838248487931e-01 1.000000000000000000e+00 5.117663157191590928e-01 8.426648406178136597e-01 8.386278693775346404e-01 6.415330278717847889e-01 6.130060338328880976e-01 8.164965809277261455e-01 7.244616763479586607e-01 9.660917830792958849e-01 5.832118435198043738e-01 9.116846116771035735e-01 6.415330278717846779e-01 5.765566601970550931e-01 8.571428571428572063e-01
2.512594538148030243e-01 8.703882797784891212e-02 5.117663157191590928e-01 1.000000000000000000e+00 5.699704467430112276e-01 1.706971854997297311e-01 7.787306058075258441e-01 9.437402112328160397e-01 1.709408646894569062e-01 3.085304536722667801e-01 6.741998624632420389e-01 2.469145823292155095e-01 4.082482904638630172e-01 4.368488764286121429e-01 2.731154967995675920e-01 5.117663157191589818e-01
2.567180154051352248e-01 4.850712500726660492e-01 8.426648406178136597e-01 5.699704467430112276e-01 1.000000000000000000e+00 4.280863447390446663e-01 8.997354108424375774e-01 5.310078242953822913e-01 4.234048992199704875e-01 3.034330424545041427e-01 7.827803638564367894e-01 5.027933178237150580e-01 8.273403039920307345e-01 3.440164806162260280e-01 2.378257470772470739e-01 6.482037235521643792e-01
5.283959492674780156e-01 3.922322702763680335e-01 8.386278693775346404e-01 1.706971854997297311e-01 4.280863447390446663e-01 1.000000000000000000e+00 1.283881477532738402e-01 3.680373690492887984e-01 9.415130835240083096e-01 8.587538611150071777e-01 8.101914936669332157e-01 4.279604925109128932e-01 7.526178090063816439e-01 6.419407387663692566e-01 6.538461538461537437e-01 7.337993857053428659e-01
2.729743416177752291e-01 4.364357804719847245e-01 6.415330278717847889e-01 7.787306058075258441e-01 8.997354108424375774e-01 1.283881477532738402e-01 1.000000000000000000e+00 7.052744205495996566e-01 1.904761904761904934e-01 1.820063020773160234e-01 6.479515952918626365e-01 5.000000000000000000e-01 5.582905262390824852e-01 3.571428571428571508e-01 2.139802462554564744e-01 5.832118435198043738e-01
5.417363388859615103e-01 3.127716210856121837e-01 6.130060338328880976e-01 9.437402112328160397e-01 5.310078242953822913e-01 3.680373690492887984e-01 7.052744205495996566e-01 1.000000000000000000e+00 4.322649674336255798e-01 5.869565217391304879e-01 7.537346628814317606e-01 4.777665429529545649e-01 4.000988020269483636e-01 7.052744205495996566e-01 5.725025740766715998e-01 7.244616763479586607e-01
7.769269722967447889e-01 6.546536707079770867e-01 8.164965809277261455e-01 1.709408646894569062e-01 4.234048992199704875e-01 9.415130835240083096e-01 1.904761904761904934e-01 4.322649674336255798e-01 1.000000000000000000e+00 9.555330859059091297e-01 7.606388292556648389e-01 6.904761904761904656e-01 6.048147367590059886e-01 8.333333333333331483e-01 8.559209850218258975e-01 8.748177652797065607e-01
8.627652804480127058e-01 6.255432421712243674e-01 7.244616763479586607e-01 3.085304536722667801e-01 3.034330424545041427e-01 8.587538611150071777e-01 1.820063020773160234e-01 5.869565217391304879e-01 9.555330859059091297e-01 1.000000000000000000e+00 7.268155677785234081e-01 7.052744205495996566e-01 4.445542244743870830e-01 9.327822981462446927e-01 9.405399431259603427e-01 8.916451401205645055e-01
4.720587952499555873e-01 3.872983346207417577e-01 9.660917830792958849e-01 6.741998624632420389e-01 7.827803638564367894e-01 8.101914936669332157e-01 6.479515952918626365e-01 7.537346628814317606e-01 7.606388292556648389e-01 7.268155677785234081e-01 1.000000000000000000e+00 4.789207443461593883e-01 8.807710121010884352e-01 6.479515952918626365e-01 5.570066518960167246e-01 8.280786712108251235e-01
9.239131562447776558e-01 9.819805060619656301e-01 5.832118435198043738e-01 2.469145823292155095e-01 5.027933178237150580e-01 4.279604925109128932e-01 5.000000000000000000e-01 4.777665429529545649e-01 6.904761904761904656e-01 7.052744205495996566e-01 4.789207443461593883e-01 1.000000000000000000e+00 2.326210525996177392e-01 8.571428571428569843e-01 8.559209850218258975e-01 8.748177652797065607e-01
1.230914909793327655e-01 2.132007163556104423e-01 9.116846116771035735e-01 4.082482904638630172e-01 8.273403039920307345e-01 7.526178090063816439e-01 5.582905262390824852e-01 4.000988020269483636e-01 6.048147367590059886e-01 4.445542244743870830e-01 8.807710121010884352e-01 2.326210525996177392e-01 1.000000000000000000e+00 2.791452631195412426e-01 2.090605025017727159e-01 5.698028822981897612e-01
9.659092088013584432e-01 7.637626158259731568e-01 6.415330278717846779e-01 4.368488764286121429e-01 3.440164806162260280e-01 6.419407387663692566e-01 3.571428571428571508e-01 7.052744205495996566e-01 8.333333333333331483e-01 9.327822981462446927e-01 6.479515952918626365e-01 8.571428571428569843e-01 2.791452631195412426e-01 1.000000000000000000e+00 9.843091327750996822e-01 9.331389496316870868e-01
9.813067629253163782e-01 7.844645405527361781e-01 5.765566601970550931e-01 2.731154967995675920e-01 2.378257470772470739e-01 6.538461538461537437e-01 2.139802462554564744e-01 5.725025740766715998e-01 8.559209850218258975e-01 9.405399431259603427e-01 5.570066518960167246e-01 8.559209850218258975e-01 2.090605025017727159e-01 9.843091327750996822e-01 1.000000000000000000e+00 8.910421112136307498e-01
8.743856497851874021e-01 8.017837257372731896e-01 8.571428571428572063e-01 5.117663157191589818e-01 6.482037235521643792e-01 7.337993857053428659e-01 5.832118435198043738e-01 7.244616763479586607e-01 8.748177652797065607e-01 8.916451401205645055e-01 8.280786712108251235e-01 8.748177652797065607e-01 5.698028822981897612e-01 9.331389496316870868e-01 8.910421112136307498e-01 1.000000000000000000e+00
